0.0,0.0,0.0,0.0,0.0,0.0,0.0,0.0,0.0,0.0,0.0,0.0,0.0,0.0,0.0,0.0,0.0,0.0,0.0,0.0,0.0,0.0,0.0,0.0,0.0,0.0,0.0,0.0,0.0,0.0,0.0,0.0,0.0,0.0,0.0,0.0,0.0,0.0,0.0,0.0,0.0,0.0,0.0,0.0,0.0,0.0,0.0,0.0,0.0,0.0,0.0
0.5467685283325515,0.12778318689334156,0.04288639622059394,0.024646453403926627,0.016617510773620496,0.012209293011905403,0.009464138108385048,0.007617053982449718,0.006302776675392885,0.005330054173194302,0.004579397137279595,0.00399278457756677,0.003525360382436828,0.0031358106881941503,0.002817797826770634,0.002547218780242122,0.0023225912520551816,0.002122615304101198,0.001957102655953887,0.001805070007479066,0.001676870421528677,0.001561846464742466,0.0014596095326868629,0.0013683937495403324,0.0012863744709639322,0.0012123920286704376,0.0011454490204327963,0.0010845939282495044,0.0010291208409731357,0.0009786289076581204,0.0009321116959113792,0.0008881345295457532,0.0008493935896881271,0.0008131627045420392,0.000778321450968345,0.0007468363240038198,0.000717549574401438,0.0006896570412712507,0.0006632587804356034,0.0006390083428423501,0.0006153915590608669,0.000593041694479002,0.0005714057383686863,0.000550184491750377,0.0005288987397751722,0.0005071838727306903,0.0004835250349959702,0.0004558251177226685,0.0004183745033331773,0.0003466480355942904,0.0001296447321518977
0.47280058178714063,0.1135131129760091,0.03865250408603307,0.02241245491226092,0.015225522178703195,0.011262226031967948,0.008784853950324134,0.0071126146631162335,0.00591892492029898,0.005033106683163819,0.004347878738355372,0.003811147457569309,0.0033822524207030055,0.0030246307610562752,0.002731937323924032,0.0024825301049307565,0.0022751248360468185,0.002090596182488377,0.0019374118351952712,0.001796661377751897,0.0016782136805595666,0.0015717597570640885,0.0014771019042313321,0.001392777924143884,0.0013170610557801752,0.0012488734224402264,0.0011873142713363302,0.0011315113327528706,0.0010808115628613087,0.001034883256579468,0.0009929560878723749,0.0009531975064977931,0.0009190905412773455,0.0008868543362491163,0.0008567976451597538,0.0008296326788200087,0.0008051558456843881,0.0007822171102760151,0.0007612585348116406,0.0007425616984022487,0.000725180959295517,0.000709820847926539,0.0006958466471487352,0.0006834616929490444,0.0006724274143491077,0.0006629001262410997,0.0006540356067942566,0.0006450938563587975,0.000631933666705909,0.000587774306123328,0.00037587624271195235
0.421952697693383,0.10170631143916689,0.03473099628984558,0.020178870314346713,0.013732689726831542,0.010174908441904721,0.00794938355887464,0.006446170970111566,0.005372446566478658,0.004575212817926888,0.003958238138266785,0.003474733977612445,0.0030881269082046934,0.0027657956352247805,0.002501832689103355,0.002276880254314556,0.002089695955587876,0.00192332338559203,0.0017850132348679168,0.0016580558686829234,0.0015512524722842438,0.001455268241777774,0.0013699244049744739,0.0012939661959231984,0.0012258224220998812,0.0011645144785298407,0.0011092356072942044,0.0010592011163999661,0.0010138239507004759,0.0009728156296035222,0.000935499967133003,0.0009001732247002705,0.0008701767003659375,0.0008416943804658862,0.0008155958654810048,0.0007919608700415442,0.0007710401528197789,0.0007516026862916324,0.0007342635967107679,0.0007189963002853852,0.0007052933961476481,0.0006937937814106974,0.0006838709897826729,0.000675954683321257,0.0006699647125297188,0.0006662954256209187,0.0006645808079684683,0.0006649650941984949,0.0006649615293809097,0.0006417588337220649,0.0006364876236609841
0.3823767534145183,0.09224808209010796,0.03152487144431097,0.018326354143798296,0.01247837006356914,0.009250049756247006,0.0072302298405754655,0.005865725566989325,0.004890914503857491,0.0041670153033998795,0.003606733987834196,0.0031676015055185102,0.0028164109633143984,0.0025236266608273604,0.0022838201650761817,0.002079455346766121,0.0019093653388501475,0.0017582505143204892,0.0016325579043951078,0.001517235385710373,0.0014202264919383723,0.0013330517771872731,0.0012555445033383102,0.001186584310143487,0.0011247400077166387,0.0010691203188495143,0.0010189940298918417,0.0009736489523081631,0.0009325526004493704,0.0008954460183948785,0.0008617171506233968,0.0008298155432026037,0.0008028224923594864,0.0007771506102997231,0.0007537852515820266,0.0007326057582503598,0.0007139887213198888,0.000696750618471305,0.0006815277280567489,0.0006681903150356812,0.0006564060200107306,0.0006467515771366553,0.0006386413703261719,0.0006325510669254347,0.0006284584330097556,0.0006268100290019321,0.0006274235065452351,0.0006307327652736492,0.0006349794412063396,0.0006202386706464485,0.0008707670896349756
0.35070133824377303,0.08460944948941203,0.028917627854698653,0.016812361324331174,0.011448619197048237,0.00848753324817363,0.006634860083715038,0.005383240538489565,0.004489052783412916,0.003825008780205444,0.003311047687532938,0.002908211260547865,0.002586037577112305,0.0023174515410872725,0.0020974577761242318,0.0019099806793795985,0.0017539372628202102,0.0016153209128285102,0.0015000069455505173,0.0013942234648004735,0.0013052389689793757,0.0012252787056448338,0.0011541872981427439,0.001090941623289074,0.0010342279668580996,0.0009832280910715566,0.0009372715943226822,0.0008957053174326025,0.0008580410505508448,0.0008240419149611821,0.000793145924331947,0.0007639339295353828,0.0007392388610329588,0.0007157425241056747,0.000694398795877804,0.0006750457465337774,0.0006580682330598776,0.0006423635776658757,0.0006285368109729115,0.0006164385594385586,0.0006058005164552239,0.0005971495679419534,0.0005899445261123999,0.0005846445473420761,0.0005812435767696901,0.0005801749492406324,0.0005813144296289934,0.0005851458777940749,0.0005902058140011701,0.0005785078020901041,0.0010692648628513482
0.3250955890002256,0.07841267331676874,0.026796672945319896,0.01557828166911419,0.01060772599061183,0.007863797312778507,0.006147044335171839,0.004987277426169673,0.004158731905860989,0.003543447349551792,0.0030672347101674356,0.002693991482092949,0.0023954911556022364,0.002146643344934652,0.0019428201945584456,0.0017691265278739585,0.0016245561118966765,0.00149613417398738,0.001389300612236111,0.0012912999611526795,0.001208860832845182,0.0011347839111656738,0.0010689238303046298,0.001010332424351153,0.0009577927232152192,0.0009105465964954368,0.0008679728830641484,0.0008294664465942689,0.0007945750340923498,0.0007630790644242053,0.0007344567642111881,0.0007073972219614868,0.0006845197148653549,0.0006627533010169408,0.0006429821723684053,0.0006250540141032949,0.000609327042574161,0.0005947791970672982,0.0005819727068834784,0.0005707656194970598,0.0005609132635539403,0.0005529025618845676,0.0005462322624472513,0.0005413288869481522,0.000538188246647961,0.0005372130406700454,0.0005382928272482238,0.0005418844427282501,0.0005466534805226729,0.0005360212909262959,0.0012335605525975557
0.30431206030003,0.07337549588230788,0.025070616663224833,0.014573132066923447,0.009922303396920785,0.007355019039879286,0.005748861232427969,0.004663852160155527,0.003888745777341727,0.0033131650700816565,0.002867695268595138,0.002518557846987202,0.0022393463262100452,0.00200657962298449,0.0018159342610110354,0.0016534730050367654,0.0015182551007324747,0.0013981384693844655,0.0012982190421296144,0.0012065597403016991,0.0011294531423005339,0.001060168894174839,0.0009985700626288104,0.0009437680527377081,0.0008946250269449721,0.0008504320089865463,0.0008106078296059745,0.0007745864333065859,0.0007419448058023324,0.0007124772145949783,0.0006856944512094247,0.0006603741020006237,0.0006389576606448109,0.0006185851293843894,0.0006000686886210194,0.0005832788847586241,0.0005685406396866399,0.0005549026582303202,0.0005428862696626836,0.000532363759034712,0.0005230997165785475,0.0005155487775452956,0.000509243494001799,0.0005045771375791863,0.0005015430765659826,0.0005005121477958088,0.0005013733787977445,0.0005045378937620503,0.0005087372755389113,0.0004984775178947926,0.0013682487666893397
0.2874135311704768,0.06927735115679873,0.023665645568946105,0.013754672826248864,0.009364007754344825,0.00694048006349304,0.005424337924719958,0.004400182469064785,0.0036685807668154066,0.0031253259473631428,0.0027048879240931367,0.0023753798236897205,0.0021118769165172297,0.0018922060229012423,0.0017122932535314113,0.0015589801778150222,0.0014313803879148533,0.0013180271591184036,0.0012237400409518457,0.0011372450494754967,0.00106448100556403,0.000999099502016792,0.0009409705699798729,0.0008892536099057113,0.0008428753343671404,0.0008011668596927244,0.0007635795411412955,0.0007295791337252958,0.0006987664145137116,0.0006709468446151913,0.0006456576687410812,0.0006217486438850117,0.0006015152100579801,0.0005822724311900072,0.000564768577434399,0.0005488980107145563,0.0005349545303214726,0.0005220462278745326,0.0005106590381965323,0.0005006796792423574,0.0004918768207907638,0.0004846789008198981,0.00047864643718358214,0.000474143318896063,0.00047115955116457304,0.0004700376346697018,0.0004706620848694541,0.0004733985883174085,0.0004770188751259187,0.00046689048273929615,0.0014782229851800707
0.27366368213390546,0.0659419278452309,0.022521921910455593,0.013088301949691551,0.008909394300028285,0.006602882813747999,0.005160016186840064,0.004185399746094139,0.003489215455423426,0.0029722783884931618,0.002572220295661214,0.002258694207958209,0.0020079817196447976,0.0017989736540576567,0.0016277999315494785,0.0014819357867743306,0.0013605394157860497,0.0012526930249488098,0.0011629924189309067,0.0010807023527999358,0.0010114740728916988,0.000949270173516881,0.000893966390205321,0.0008447610235938155,0.0008006333812322733,0.0007609472454254189,0.000725180438497237,0.0006928246108024363,0.0006634999039903981,0.0006370208641345652,0.0006129462518388322,0.0005901846209813645,0.0005709120532222408,0.0005525872820779606,0.0005359047213629261,0.0005207799202123829,0.000507479952139599,0.0004951618699238753,0.00048428206828717024,0.00047473999797034136,0.0004663064533213148,0.00045938857564967,0.0004535698039116614,0.0004491893067376533,0.00044623387615363546,0.00044502211554751394,0.0004454334559148954,0.0004477937488451847,0.00045090271221623476,0.0004408218331882001,0.0015678663080271418
0.2624722995862128,0.06322683069693066,0.021590827544346946,0.012545781316456278,0.00853925296496512,0.006327999916884144,0.004944785418953743,0.004010498495808388,0.0033431479398803375,0.0028476368334127105,0.002464170772004835,0.0021636564063142794,0.0019233574212053582,0.001723030591985951,0.0015589719768163734,0.0014191725589607033,0.0013028269714785658,0.0011994640085089636,0.0011134977563293613,0.001034631187129614,0.0009682815751468174,0.0009086647240912336,0.0008556610254768637,0.0008085003892545765,0.0007662049564755524,0.0007281651123079377,0.0006938802223132971,0.0006628630179360257,0.0006347494043415306,0.0006093613141761737,0.0005862750175755908,0.0005644469501779607,0.0005459558655250884,0.0005283778576304914,0.0005123628643255628,0.0004978443048672065,0.00048506701531834153,0.00047322812040266084,0.00046275971535067863,0.0004535719563869751,0.0004454369540879511,0.0004387445225285075,0.0004330968141810469,0.0004288125962370751,0.0004258758806312272,0.000424585529434301,0.00042481634676762965,0.0004268607715739392,0.00042953968414200194,0.00041947695253900075,0.0016408850823124137
0.2533620932187547,0.06101653468541246,0.02083281752452732,0.01210409979543319,0.008237902980306069,0.006104199303806463,0.004769547733326782,0.0038680934325300755,0.0032242168717716187,0.002746149101678769,0.002376191041475906,0.00208626992122416,0.0018544489639060828,0.0016611898382571449,0.0015029239316838993,0.0013680620630481673,0.001255828572327456,0.0011561157229583975,0.001073189811610028,0.0009971104398203026,0.0009331044518292743,0.0008755937997472376,0.0008244626697410632,0.0007789666847612691,0.0007381628625655512,0.0007014632492728288,0.0006683847477805322,0.0006384572517654709,0.0006113294992279951,0.0005868294330240677,0.0005645475757286715,0.0005434793492566389,0.000525624216618316,0.0005086539540058146,0.0004931820728557041,0.0004791567552918011,0.0004668045679155267,0.00045535533186560683,0.00044522127327196635,0.0004363213811118894,0.0004284286947803013,0.0004219189256594686,0.00041640947954327127,0.00041220241910704434,0.0004092794362730445,0.0004079232225697257,0.00040800464695999394,0.00040978860737685905,0.0004121126523931708,0.00040205760472123824,0.001700344369696019
0.2459456123344756,0.05921713009010094,0.020215710933235573,0.011744516561637249,0.007992564384589786,0.005921994343849133,0.004626878443654798,0.003752153675025846,0.003127387713645498,0.002663520919278411,0.002304560022585375,0.0020232631214542624,0.0017983443581103935,0.0016108392360256036,0.001457289342047529,0.001326447275723924,0.0012175615768018218,0.0011208203794046436,0.0010403697138645696,0.0009665594751579431,0.0009044614924460432,0.0008486655492269437,0.0007990589223948957,0.0007549181611929693,0.0007153286789513066,0.0006797201574406452,0.0006476237765509328,0.0006185834019657483,0.0005922582189564546,0.0005684810622545343,0.0005468540567941508,0.0005264043656262538,0.0005090668812383988,0.0004925913237121405,0.0004775614739548449,0.00046393760682699543,0.0004519313582912795,0.00044079919348611013,0.0004309371329004625,0.00042227139687759594,0.00041457573171920506,0.0004082143688261965,0.0004028171383267456,0.00039867247053688515,0.00039576014904946016,0.0003943496665634795,0.0003943086302614474,0.0003958793993732413,0.00039791289902056133,0.00038786166010234874,0.0017487559452774603
0.2399078170289101,0.057752213096926165,0.019713313655720266,0.011451772140274659,0.007792828097319155,0.005773656118125286,0.004510726867975122,0.0036577630909209132,0.0030485554341848,0.0025962499409052145,0.0022462420654768473,0.0019719663297666974,0.0017526668021424514,0.0015698461450172584,0.0014201356694981972,0.0012925662201622953,0.0011864060433704167,0.001092084134758142,0.0010136486314062784,0.0009416857462491503,0.0008811411137076753,0.0008267411528088616,0.0007783756571624697,0.0007353382100516802,0.0006967373428134299,0.0006620170951139232,0.0006307202698550944,0.0006024021075731309,0.0005767302988041017,0.0005535416604546926,0.0005324477628844906,0.0005125016107969856,0.0004955855221445672,0.000479512688932906,0.00046484266196321437,0.00045154558655092445,0.0004398209236343341,0.00042894683845346143,0.00041930614788022655,0.0004108309734074221,0.0004032956198531691,0.00039705497298603087,0.00039174898000578825,0.00038765496151350307,0.0003847511407464399,0.0003832962532239017,0.0003831552306127753,0.00038455204257553677,0.00038634843762935296,0.0003762994555584765,0.0017881703694559545
0.23499236389726877,0.05655959951923872,0.019304302422033272,0.01121344281929677,0.007630218330885077,0.0056528904497744675,0.004416164956359176,0.0035809172227689945,0.002984375890174762,0.0025414826863962453,0.002198763649898289,0.0019302039922275537,0.0017154792052405967,0.0015364722709486124,0.0013898875497834419,0.001264982409334017,0.00116104114127072,0.0010686888270595044,0.0009918939131057956,0.0009214349981391486,0.0008621549810117162,0.0008088915187110494,0.0007615364539260104,0.0007193972368435397,0.0006816012198442925,0.0006476041317705163,0.0006169582379931226,0.0005892280395324329,0.0005640881512088537,0.000541378631761005,0.0005207187411613708,0.0005011825225153848,0.0004846094895886194,0.0004688645137572901,0.00045448741068400373,0.0004414563702136341,0.0004299609345653244,0.0004192969384637022,0.00040983644590658006,0.0004015163874396758,0.00039411151672475933,0.000387969111218047,0.00038273735538001043,0.00037868452126120765,0.00037578755945677977,0.00037429644380026166,0.00037407392086207436,0.00037532897507725496,0.0003769321435096351,0.00036688470791150507,0.0018202590010171836
0.23099060655142656,0.05558867023853958,0.018971318240019828,0.011019414010092845,0.0074978342669545445,0.005554572482347866,0.004339179984870614,0.0035183552360577206,0.0029321258136088186,0.0024968953464708276,0.0021601103032356864,0.0018962042228665803,0.0016852038278298497,0.0015093017247059688,0.0013652617458985074,0.001242525675339542,0.0011403908681177286,0.0010496420416504966,0.0009741827666774294,0.000904948265248778,0.0008466977978301852,0.0007943595825699138,0.0007478271304126009,0.0007064191805802594,0.00066927840811952,0.0006358700583111227,0.0006057541000938818,0.0005785025736321285,0.000553795730938934,0.0005314762699469887,0.0005111697108652539,0.000491967224655232,0.00047567347656808255,0.00046019541313262197,0.0004460567801628113,0.0004332423197459549,0.0004219334967337605,0.00041144053196839577,0.00040212673409419775,0.0003939329504604403,0.00038663429812507444,0.00038057186051624844,0.0003754005284735391,0.0003713812060931927,0.0003684898070858198,0.0003669691708243827,0.0003666802625698695,0.0003678198621890123,0.0003692656537594063,0.00035921937700657893,0.0018463832010283856
0.22773269855491954,0.05479821744159251,0.018700229072466736,0.010861451168601564,0.007390057643953123,0.005474529752998183,0.004276504878362241,0.0034674221740747684,0.002889587887818056,0.0024605958113457114,0.0021286417537662557,0.0018685242464717877,0.0016605559559393262,0.0014871815599767787,0.001345213308690151,0.00122424312290378,0.0011235789931105875,0.0010341355990997662,0.0009597636957390914,0.0008915260146834092,0.0008341137249292913,0.0007825287723427177,0.000736666026049764,0.0006958534158058284,0.0006592460911777341,0.000626317044987973,0.0005966325178004136,0.0005697706875491114,0.0005454163955981603,0.0005234144884858549,0.0005033955829961078,0.0004844647942503534,0.00046839841635233084,0.0004531376507348634,0.00043919315936349516,0.00042655501968130743,0.00041539811978644626,0.00040504439290796763,0.00039585001935830337,0.00038775903580621785,0.00038054685446417476,0.0003745495160940115,0.00036942737142422566,0.0003654353256861066,0.0003625484481659184,0.00036100376944694576,0.0003606608037716601,0.0003617063933704326,0.00036302403812547965,0.00035297867035030727,0.0018676515132996384
0.22508037037326994,0.0541546938077486,0.018479529843052917,0.01073285037253066,0.007302314467670239,0.005409365304206756,0.0042254797656917096,0.0034259564998899506,0.0028549568659448693,0.0024310435912888403,0.002103022538352222,0.0018459893863192354,0.0016404895945470051,0.0014691730570397872,0.0013288914418698092,0.0012093588993078602,0.0011098920784192363,0.0010215114638465958,0.0009480248122255596,0.0008805986631741428,0.0008238687511139886,0.0007728970451666772,0.0007275795201886581,0.000687251588102402,0.0006510785542458786,0.0006185397188792296,0.000589206428422471,0.0005626618576933354,0.0005385945843397449,0.0005168512041183074,0.0004970664830351815,0.0004783568884458744,0.0004624756168322241,0.00044739175747422175,0.0004336053201453436,0.00042111072626892617,0.000410077509397112,0.0003998371381750856,0.0003907399894499099,0.0003827326965764977,0.000375590911820272,0.0003696465706114236,0.00036456446871641155,0.0003605946274085815,0.0003577114284163712,0.00035614717310354817,0.00035576019412753804,0.00035672924271895585,0.0003579425525891621,0.0003478979129891824,0.0018849665058181472
0.22292105603169188,0.053630788064109605,0.01829985407338615,0.010628153819808084,0.007230880939255763,0.005356313580325387,0.004183939165222627,0.003392198434429763,0.002826763031272248,0.00240698451353311,0.002082165400530826,0.0018276432855620704,0.0016241531494493766,0.0014545119568640367,0.0013156034668961702,0.0011972413392938913,0.0010987492722687674,0.0010112338883071354,0.0009384679383869581,0.0008717024742460129,0.000815528099909294,0.0007650556506668596,0.000720182001575389,0.0006802486559314151,0.0006444291870977386,0.0006122080303508026,0.0005831606888921802,0.0005568744056050844,0.0005330407999225368,0.0005115078916737998,0.0004919138248307709,0.0004733843088384796,0.0004576537358997836,0.00044271389944193317,0.00042905613694558544,0.00041667840648034507,0.00040574588225775475,0.0003955977959429403,0.00038657979961310925,0.00037864064070588783,0.000371556166836949,0.0003656549712038581,0.00036060546838023326,0.0003566537034543889,0.00035377349836733697,0.00035219330427157077,0.0003517704917753958,0.00035267722486602426,0.00035380559084091315,0.00034376153999978235,0.0018990630051026517
0.22116311399646243,0.05320426564678644,0.018153576336583866,0.010542918202187718,0.007172725432653939,0.0053131230783549565,0.0041501201053481965,0.003364715296271762,0.002803809847805418,0.002387397520712176,0.0020651851728786226,0.0018127073448521488,0.0016108533107776202,0.001442576050973649,0.0013047854505022845,0.0011873761818146633,0.0010896776819857288,0.0010028667000708733,0.0009306874882518739,0.000864459901295307,0.0008087378016523052,0.0007586718075666365,0.0007141595269673371,0.0006745474222597732,0.0006390157979767889,0.000607053269917792,0.0005782387254054261,0.0005521627192186135,0.0005285193471700683,0.0005071577884552352,0.00048771893711693667,0.00046933602677620326,0.00045372814067525034,0.0004389055561812002,0.00042535255044018485,0.0004130699608202813,0.0004022194124717747,0.0003921464571082762,0.00038319290025774696,0.00037530921049903616,0.00036827139445845487,0.0003624053243540155,0.0003573823609082376,0.00035344531209675797,0.00035056754411500813,0.000348974373559954,0.00034852238778288396,0.0003493783878941428,0.00035043759836473595,0.0003403940254523075,0.0019105392579190676
0.21973193727263837,0.05285702497805947,0.018034488621897923,0.010473526131668378,0.007125379837356429,0.005277960801104299,0.004122587311874924,0.0033423407070134756,0.0027851231878663427,0.002371451345846617,0.0020513612191829763,0.001800547687231113,0.001600025637504424,0.0014328587834524613,0.0012959782798335053,0.0011793447532041726,0.001082292312769062,0.0009960547990592687,0.0009243532628102982,0.0008585635727413729,0.0008032096792357964,0.0007534745886589035,0.0007092565055864818,0.0006699059297350578,0.0006346086456218521,0.0006028566724962458,0.0005742316527633837,0.000548326837484612,0.0005248383385442728,0.0005036162790014526,0.00048430379178814926,0.0004660402361121858,0.0004505322318723609,0.000435805104600695,0.00042233738346515265,0.00041013224994429937,0.0003993484398135435,0.0003893366500729024,0.00038043555468965455,0.0003725970234670008,0.00036559719247550835,0.0003597597187280073,0.00035475836146868083,0.00035083329326674525,0.0003479575092819736,0.00034635377419856684,0.00034587803769086376,0.00034669273481805206,0.00034769564405101616,0.0003376524597543313,0.0019198823124806175
0.21856678686391715,0.05257432920494193,0.017937536862431318,0.01041703261863453,0.00708683481345784,0.005249334467146148,0.004100172297676045,0.0033241250930289104,0.0027699099930474894,0.0023584692363350793,0.0020401068536103338,0.001790648259352693,0.00159121060550439,0.0014249477556339683,0.0012888081805988707,0.0011728062015494971,0.0010762797313683548,0.0009905090899295947,0.0009191964391972027,0.0008537632499991784,0.0007987091206899089,0.0007492434254712596,0.0007052648546615203,0.0006661271948348611,0.0006310206918766948,0.000599440135855148,0.0005709694121447059,0.0005452039669057283,0.0005218415533479521,0.0005007330629492074,0.00048152345136720254,0.0004633570647761462,0.0004479303764092224,0.0004332809628223331,0.000419882673631149,0.00040774059870772453,0.00039701112152413403,0.0003870491279656295,0.00037819074252950515,0.0003703889757872319,0.00036342006918934424,0.00035760587630462813,0.00035262210906353693,0.0003487067944945001,0.0003458326256882296,0.0003442202897619631,0.00034372521724025825,0.00034450628868243376,0.00034546336181039773,0.00033542049373152876,0.0019274886858587487
0.21761821393665276,0.05234418075720978,0.017858606439240043,0.010371040086630548,0.007055454515911828,0.005226029179253936,0.004081923773061489,0.0033092953865766473,0.002757524617846559,0.0023479002336134493,0.0020309444427983824,0.0017825889312121882,0.0015840341063738709,0.0014185072249189928,0.0012829708550983713,0.00116748303193624,0.0010713847649679274,0.0009859942138567852,0.0009149981628302273,0.0008498552083307687,0.0007950451232251382,0.0007457987483137801,0.0007020151693679879,0.0006630508488602451,0.0006280996647676924,0.0005966586629390631,0.0005683135547963448,0.000542661573575191,0.0005194018087221292,0.0004983857773004811,0.0004792599188864622,0.0004611726396463114,0.0004458121522034435,0.00043122600692555995,0.00041788424370679025,0.000405793506083277,0.000395108262467242,0.0003851868090022061,0.0003763631946087961,0.0003685913585823263,0.0003616476281642218,0.0003558523887023771,0.0003508829418494783,0.00034697556790429273,0.00034410271403644937,0.000342483375972387,0.0003419725615848289,0.00034272625763894,0.00034364601461332257,0.0003336034039187266,0.0019336811911372961
0.21684596118942034,0.05215681216785607,0.01779434755671136,0.010333596619407652,0.0070299071695866305,0.0052070558645321,0.004067067273431234,0.0032972222171986977,0.0027474414288645235,0.002339295790862847,0.0020234851354809726,0.0017760276662085138,0.0015781915706436131,0.0014132638562284802,0.0012782185681923088,0.0011631493299238925,0.0010673996720074925,0.000982318560257623,0.0009115802595701486,0.0008466735911143657,0.0007920621874194674,0.0007429943656857721,0.0006993695336310169,0.0006605463322315387,0.0006257215964251484,0.0005943942085380183,0.0005661513666150021,0.0005405917587865409,0.0005174155623570418,0.0004964748036918466,0.0004774171304557738,0.0004593942541381713,0.00044408766222983295,0.00042955302498434434,0.00041625728072252304,0.00040420833785099607,0.000393559105691897,0.00038367065675040673,0.00037487535017722645,0.00036712788136118154,0.0003602046473874522,0.0003544248382950869,0.00034946704996241876,0.00034556614063938507,0.00034269435728604954,0.00034106931863251913,0.00034054568846151386,0.00034127709763990784,0.0003421664747528983,0.00033212407358145635,0.001938722637220507
0.21621725432864988,0.05200427154160513,0.017742033077419905,0.01030311312180848,0.007009108548936184,0.005191609298361553,0.004054972291187524,0.0032873932014193903,0.0027392324970974087,0.002332290736848888,0.0020174123598006148,0.001770686005265811,0.001573435042000576,0.0014089951218089496,0.0012743496335645842,0.0011596211738765581,0.001064155325767012,0.0009793261349722974,0.000908797674142838,0.0008440833710201877,0.0007896337179524802,0.0007407112600370007,0.0006972156670947184,0.0006585073536667936,0.0006237855620136016,0.0005925506695754154,0.0005643910846873683,0.0005389066799397047,0.0005157985182843275,0.0004949190407198371,0.00047591687844085494,0.00045794643386832916,0.0004426837194240766,0.00042819101592808087,0.00041493273664627714,0.00040291781974258477,0.0003922979052516515,0.00038243632597191113,0.0003736640653775023,0.0003659364344086486,0.0003590298870116426,0.00035326264009999495,0.00034831434320780095,0.000344418696865682,0.00034154778503892253,0.0003399181054164774,0.0003393840416501614,0.00034009730662124243,0.0003409619508593721,0.00033091972025874576,0.001942826982291076
0.21570541112873073,0.051880085077057395,0.01769944278269811,0.010278295878768662,0.006992175963626373,0.005179033930799788,0.004045125517108063,0.0032793911972938085,0.002732549436722999,0.0023265877781406875,0.0020124683880790592,0.0017663372491055786,0.0015695626540931933,0.0014055198572224478,0.0012711998542203526,0.0011567488293911538,0.0010615140366889394,0.0009768899399307852,0.0009065323140502917,0.0008419746195060842,0.0007876566509543645,0.0007388525367162847,0.000695462159996453,0.0006568473792316645,0.0006222093965331608,0.0005910498065443889,0.0005629580029227176,0.0005375348225515038,0.0005144820494065141,0.0004936524620478186,0.0004746954923819021,0.0004567677335725344,0.0004415407406751334,0.00042708217630793674,0.0004138543980376455,0.0004018671823748563,0.00039127113600109076,0.0003814314318660823,0.0003726779334773273,0.000364966452908153,0.0003580734903966115,0.00035231647061467714,0.0003473759008993018,0.0003434845392579473,0.0003406143369584743,0.00033898087902712475,0.0003384383210553263,0.00033913681445267357,0.0003399813231467305,0.00032993923140920637,0.0019461684141252069
0.21528870904099476,0.051778982319301635,0.01766476914683922,0.010258091650226639,0.006978390797285573,0.005168796065141824,0.00403710905558522,0.003272876600973887,0.00272710861966772,0.002321944882032,0.0020084433989036228,0.0017627968371740166,0.0015664100633646354,0.0014026905727661325,0.0012686355540014707,0.0011544103946031924,0.0010593637088654917,0.0009749065833853593,0.0009046880377542923,0.0008402578414783448,0.0007860470800024566,0.0007373393117888264,0.000694034593762079,0.0006554959598641698,0.000620926207761287,0.0005898279230470424,0.0005617913015499256,0.0005364179652041697,0.0005134102849859145,0.0004926213142709738,0.0004737011368418456,0.0004558081293911386,0.0004406102181405038,0.00042617944714096076,0.0004129765003721163,0.0004010118368598793,0.00039043522201169967,0.00038061332688237763,0.00037187510319149975,0.00036417677099518124,0.00035729486821853436,0.0003515461745533893,0.00034661189569166513,0.00034272402231330396,0.0003398543976544567,0.00033821786372384947,0.00033766839044423554,0.0003383548579989366,0.00033918297393150857,0.0003291409952445928,0.0019488887425827945
0.21494946329152015,0.051696672482515325,0.01763654062595842,0.010241642971766343,0.006967168009531297,0.005160461207912124,0.004030582689200491,0.0032675729339741648,0.002722679138476407,0.0023181650047124636,0.0020051665723411207,0.001759914514923179,0.0015638434743403882,0.0014003871940349829,0.0012665479043940332,0.0011525066266936273,0.0010576130827088573,0.0009732918919840936,0.0009031865744477445,0.0008388601771371721,0.0007847366951491077,0.0007361073642177432,0.0006928723826967434,0.0006543957415310207,0.0006198815373608971,0.0005888331625329159,0.0005608414659395932,0.0005355087086412465,0.0005125377395031027,0.0004917818356341331,0.00047289161152251917,0.00045502689586842044,0.0004398526605851986,0.00042544451673851957,0.0004122617858062704,0.0004003154824641362,0.00038975468722101644,0.00037994729076989563,0.00037122150252504586,0.0003635338746897747,0.0003566609758710019,0.0003509190606689407,0.0003459899033206699,0.0003421048698089955,0.0003392357154192267,0.00033759667725422857,0.00033704157408005807,0.0003377182511485426,0.0003385330213963094,0.0003284911347459899,0.001951103417992224
0.21467327634180722,0.05162966234962824,0.017613559205883873,0.010228251763953287,0.006958031306943097,0.005153675629026484,0.004025269439948581,0.003263255109466985,0.0027190730066353444,0.0023150877287587642,0.0020024988403665473,0.0017575679570315794,0.0015617539613695093,0.0013985119659832188,0.0012648483058637495,0.0011509567300397097,0.0010561878619091921,0.0009719773384676733,0.0009019642022546035,0.0008377223098189649,0.0007836698838590237,0.0007351044103341762,0.0006919262027383817,0.0006535000311323631,0.0006190310496780295,0.0005880233075161006,0.0005600681852119614,0.0005347684641516315,0.0005118273822596875,0.0004910983987908675,0.0004722325602917794,0.00045439087757182575,0.00043923591738116084,0.0004248461947655197,0.00041167992196208315,0.0003997485660124622,0.00038920064983554315,0.00037940505705686913,0.0003706893927646707,0.00036301047957012497,0.00035614491105884146,0.00035040851434313636,0.0003454835265244095,0.00034160080500666485,0.00033873203347262014,0.00033709095655882224,0.0003365312699715483,0.000337199976403583,0.00033800388165451217,0.00032796206993300557,0.0019529064308434758
0.21444842685934734,0.05157510802070365,0.017594849558612815,0.010217349705947107,0.006950592929240916,0.005148151349540284,0.004020943814332527,0.00325973987963145,0.002716137180453078,0.0023125824550435676,0.0020003269848372853,0.0017556575759362554,0.0015600528458367098,0.0013969853042152076,0.001263464627705395,0.0011496949272612755,0.0010550275603107844,0.0009709071333831989,0.0009009690438834285,0.0008367959486064333,0.0007828013708220344,0.0007342878849266592,0.0006911558981523517,0.0006527708148540584,0.0006183386501437882,0.0005873639878719197,0.0005594386414496696,0.0005341658158709272,0.0005112490658014936,0.0004905419987847277,0.000471696013114897,0.000453873081980879,0.0004387338140399388,0.0004243590885277787,0.0004112062146258806,0.0003992870276562711,0.00038874959659232554,0.0003789636134264272,0.00037025619125253287,0.0003625843728264347,0.00035572477206940686,0.0003499928680670671,0.0003450712747481899,0.00034119043547230335,0.00033832197562898145,0.00033667923892780185,0.0003361158208895394,0.0003367780382623135,0.0003375730980955903,0.00032753134737514877,0.001954374300729879
0.2142653722660135,0.05153069421824939,0.017579617649536677,0.010208474116050277,0.006944537192796924,0.005143653919865312,0.004017422233453599,0.0032568780586435396,0.0027137470639092475,0.002310542860128278,0.0019985588325322646,0.00175410229535168,0.0015586679326553762,0.0013957424174358003,0.0012623381468266507,0.0011486676676387443,0.0010540829348888294,0.0009700358573883304,0.0009001588649630731,0.0008360417788694668,0.0007820942964758738,0.0007336231347800802,0.0006905287773282348,0.0006521771448672717,0.0006177749534264026,0.0005868272221741495,0.0005589261169104322,0.0005336751874970297,0.0005107782464652948,0.000490089022083407,0.0004712591990106452,0.00045345153392883393,0.00043832504137149866,0.00042396252531007344,0.00041082055972980217,0.0003989112797773793,0.00038838238485979404,0.000378604225077518,0.00036990351298184037,0.00036223747055281666,0.00035538272826740396,0.0003496544818755195,0.0003447356520888612,0.00034085634518482566,0.0003379881390953374,0.00033634405112707325,0.00033577759523772797,0.0003364345297337442,0.0003372223883303777,0.0003271806872721518,0.001955569323827958
0.21411634375247424,0.0514945360271883,0.0175672170387318,0.010201248315566257,0.006939607093069848,0.005139992469764539,0.004014555241950472,0.0032545481912521932,0.002711801220818257,0.002308882383912343,0.001997119343334371,0.001752836109404442,0.0015575404463189929,0.0013947305577175608,0.0012614210555489446,0.0011478313544286934,0.0010533138958829116,0.0009693265336612733,0.0008994992816223696,0.0008354277937581934,0.000781518652691953,0.000733081947998497,0.0006900182253528583,0.0006516938259073204,0.0006173160363222218,0.0005863902301675489,0.0005585088601301212,0.0005332757568357644,0.0005103949427494901,0.0004897202444240373,0.00047090357965433864,0.00045310834297995767,0.0004379922511254608,0.00042363967502927213,0.00041050659013824,0.0003986053756924953,0.0003880834302274213,0.00037831163962283657,0.00036961639033999564,0.00036195505026911793,0.00035510426336548325,0.00034937899470958056,0.000344462414771403,0.0003405843554028427,0.0003377163558995749,0.00033607116783695366,0.0003355022387704915,0.0003361548723677636,0.0003369368682893701,0.00032689520766217414,0.00195654221673772
0.21399501657109432,0.051465098899345675,0.017557121446146087,0.010195365642612478,0.006935593397370936,0.005137011607847984,0.004012221165136218,0.0032526513982367605,0.0027102170698928268,0.0023075305560356263,0.0019959474255391795,0.001751805281353935,0.0015566225364775197,0.0013939067818866768,0.0012606744326567896,0.0011471504946246418,0.0010526878053936251,0.0009687490586100489,0.0008989623012438341,0.0008349279358371074,0.0007810500092349157,0.0007326413566965347,0.0006896025744774018,0.0006513003459904512,0.000616942422458571,0.0005860344659772782,0.0005581691627939218,0.0005329505721101221,0.0005100828873022015,0.0004894200149383851,0.0004706140626141405,0.00045282894416215027,0.0004377213197339853,0.00042337683596816074,0.0004102509810290919,0.00039835633287840295,0.00038784004510570837,0.00037807343977982365,0.0003693826378853931,0.00036172512610110376,0.0003548775593552163,0.0003491547149354879,0.000344239966645283,0.0003403629229210397,0.0003374950916038672,0.0003358490079317789,0.00033527806540090274,0.00033592719754795117,0.0003367044205451051,0.0003266627928336424,0.001957334268887496
0.21389624161459744,0.051441133527456426,0.017548902416353068,0.010190576437436144,0.00693232576506016,0.005134584826785544,0.00401032094514292,0.003251107179987789,0.0027089273800066527,0.002306430005126955,0.0019949933431322392,0.0017509660630131933,0.0015558752471757447,0.0013932361290211479,0.0012600665915872646,0.0011465961926392103,0.0010521780922350475,0.0009682789242805935,0.0008985251344612032,0.0008345209912114399,0.0007806684769471382,0.0007322826622457999,0.0006892641845414103,0.0006509800058883475,0.0006166382557194359,0.0005857448310247676,0.0005578926081981287,0.0005326858325293988,0.0005098288365373195,0.0004891755919323685,0.000470378360830538,0.0004526014798317308,0.00043750074890968796,0.00042316285327663407,0.00041004288439032383,0.0003981535819956407,0.0003876419002668043,0.00037787951638307445,0.0003691923351991204,0.00036153794010176764,0.0003546929949526054,0.0003489721241534619,0.0003440588670455851,0.0003401826501782923,0.00033731495578488333,0.0003356681429786871,0.000335095561244974,0.0003357418427893,0.0003365151800503821,0.00032647357913629554,0.0019579790948510405
0.21381582688872974,0.051421622824752586,0.017542211134968153,0.010186677446892,0.006929665518315165,0.005132609134355016,0.00400877393692071,0.0032498500001157333,0.0027078774169155095,0.0023055340239717817,0.0019942166050001243,0.0017502828380824265,0.0015552668635684288,0.0013926901367145295,0.001259571735657072,0.001146144923979751,0.001051763124257619,0.000967896178242883,0.0008981692279821669,0.0008341896892126647,0.0007803578636558804,0.0007319906417079113,0.0006889886943270458,0.0006507192104153986,0.0006163906273142904,0.0005855090332463235,0.0005576674594074139,0.0005324703025857248,0.0005096220085787047,0.0004889766021304826,0.0004701864711553899,0.00045241629643682905,0.00043732117766005784,0.00042298864556154276,0.00040987346863197784,0.0003979885183273281,0.00038748058647363533,0.0003777216393528837,0.0003690374058638797,0.00036138554812553474,0.00035454273727224505,0.0003488234732382565,0.0003439114301326167,0.0003400358864265926,0.00033716830350563853,0.00033552089709635213,0.0003349469808538584,0.00033559094166381363,0.0003363611154671521,0.00032631953636936113,0.001958504060944977
0.21375035960465555,0.05140573875995462,0.017536763625018693,0.010183503198409506,0.00692749975666539,0.005131000682467673,0.0040075144856739926,0.003248826504096467,0.0027070226203441917,0.002304804587265038,0.001993584246493673,0.0017497266105986388,0.0015547715659470483,0.0013922456331356909,0.0012591688632551832,0.0011457775368724304,0.0010514252902829714,0.0009675845768128139,0.0008978794771894427,0.0008339199694339287,0.0007801049869799175,0.000731752901775292,0.0006887644120711683,0.000650506891451073,0.000616189027930975,0.0005853170654197988,0.0005574841611410628,0.0005322948352208021,0.0005094536256789937,0.0004888146004355524,0.00047003024981982956,0.00045226553482209973,0.0004371749850083488,0.00042284681947373724,0.00040973554377482524,0.000397854136596282,0.0003873492575931539,0.0003775931084119057,0.00036891127470205356,0.00036126148267992146,0.00035442040940084714,0.0003487024534674546,0.0003437913987060323,0.0003399164030344574,0.00033704891086552407,0.00033540102119173964,0.00033482601849816967,0.0003354680899504901,0.0003362356883177435,0.00032619412698104783,0.001958931446651142
0.21369706134071445,0.0513928072157485,0.017532328695004217,0.010180918977361895,0.006925736565513111,0.005129691208668036,0.004006489140481844,0.003247993254913325,0.002706326712855157,0.0023042107378229188,0.0019930694304132624,0.0017492737743513207,0.001554368333955267,0.0013918837536197955,0.0012588408765376315,0.0011454784394638335,0.0010511502526881862,0.0009673308956726978,0.0008976435851030955,0.0008337003850085092,0.000779899114871266,0.0007315593528010632,0.0006885818192686697,0.000650334038210552,0.0006160249017220711,0.000585160780459593,0.0005573349342483015,0.0005321519836261321,0.0005093165416933224,0.0004886827115200829,0.00046990306681394037,0.0004521427966873557,0.0004370559665604745,0.0004227313559354448,0.0004096232563087343,0.00039774473366210693,0.0003872423400474821,0.0003774884687263939,0.0003688085887261611,0.00036116047844613066,0.0003543208197620019,0.0003486039287802387,0.0003436936786501939,0.00033981912914474806,0.0003369517108589035,0.0003353034277495409,0.0003347275405537797,0.0003353680738411474,0.0003361335754928556,0.0003260920286158334,0.001959279390154434
0.2136536701266248,0.05138227937934878,0.017528718127163882,0.010178815109797715,0.0069243011152918055,0.005128625139085589,0.004005654385848981,0.003247314889596662,0.0027057601602395454,0.0023037272727646843,0.001992650308042096,0.001748905111038447,0.0015540400544881816,0.0013915891400547778,0.0012585738557976016,0.0011452349381050552,0.001050926338919225,0.0009671243686332158,0.0008974515404985642,0.0008335216168065154,0.0007797315101486903,0.0007314017805959562,0.0006884331667085562,0.000650193314828382,0.000615891283196031,0.0005850335456555701,0.0005572134455623113,0.0005320356852015864,0.0005092049387980177,0.0004885753380383963,0.0004697995245101385,0.0004520428730446729,0.0004369590711914612,0.00042263735469151825,0.000409531840770582,0.0003976556664807804,0.0003871552962721106,0.0003774032794038797,0.0003687249899588747,0.0003610782488197167,0.00035423974178645996,0.00034852371780374537,0.00034361412274067256,0.000339739936468259,0.0003368725783321583,0.00033522397491879034,0.0003346473676315833,0.0003352866486671923,0.00033605044333960343,0.00032600890823449925,0.0019595626581246466
0.21361834444580613,0.051373708450966865,0.017525778689543196,0.010177102307894944,0.006923132485710612,0.005127757229888067,0.004004974794914706,0.0032467626184247748,0.0027052989180898143,0.0023033336739061963,0.001992309091889971,0.0017486049746446308,0.0015537727954147277,0.0013913492890853818,0.0012583564687151658,0.0011450366986351628,0.0010507440461095126,0.0009669562307179658,0.000897295193031802,0.000833376077932422,0.0007795950596930475,0.0007312734978193546,0.0006883121455985995,0.000650078749025453,0.0006157825016027664,0.0005849299611818416,0.0005571145391215856,0.0005319410042595703,0.000509114080583038,0.0004884879230761273,0.0004697152285886697,0.0004519615231497298,0.0004368801866764648,0.0004225608263433447,0.0004094574174987195,0.0003975831550545628,0.00038708443214234274,0.00037733392502236636,0.0003686569304811223,0.00036101130398773917,0.00035417373453716953,0.0003484584163962323,0.000343549354636669,0.0003396754640797462,0.0003368081549127903,0.0003351592907333366,0.00033458209720485705,0.00033522035875652504,0.0003359827637419438,0.0003259412382206003,0.0019597932724117048
0.21358958508169304,0.05136673068169508,0.017523385632852977,0.010175707880599174,0.006922181080306387,0.0051270506471400475,0.004004421525942287,0.0032463130030924384,0.002704923411358707,0.002303013236971271,0.001992031300794859,0.0017483606274265953,0.0015535552143001454,0.001391154021472647,0.0012581794894153389,0.0011448753078009584,0.0010505956377797035,0.0009668193461791881,0.0008971679073399056,0.0008332575917383657,0.0007794839725675836,0.0007311690601695711,0.0006882136198211508,0.0006499854786463699,0.0006156939402678695,0.0005848456309289668,0.0005570340173516999,0.0005318639225551872,0.0005090401110394459,0.0004884167567554635,0.0004696466015433424,0.00045189529452525624,0.0004368159651685683,0.0004224985230393724,0.00040939682798071553,0.0003975241220094633,0.00038702674019520087,0.00037727746219236443,0.0003686015218589339,0.0003609568028216271,0.00035411999667642793,0.0003484052531758148,0.00034349662558961976,0.00033962297578076655,0.0003367557064805998,0.0003351066300061066,0.0003345289592065361,0.00033516639077533654,0.000335927664387961,0.0003258861466689545,0.0019599810202511644
0.2135661714912113,0.05136104993605815,0.017521437396128228,0.010174572648626328,0.0069214065215773,0.005126475403576293,0.004003971098279987,0.00324594696199277,0.002704617703597202,0.0023027523626647267,0.0019918051453445885,0.001748161699325264,0.0015533780770347516,0.0013909950500885454,0.0012580354069233334,0.0011447439161997824,0.0010504748155026674,0.0009667079056577066,0.0008970642814373107,0.0008331611296881448,0.0007793935342514517,0.0007310840353285039,0.0006881334079570767,0.0006499095453103144,0.0006156218406616445,0.0005847769759337349,0.0005569684629208864,0.0005318011687525312,0.0005089798909109688,0.0004883588187884912,0.00046959073085270565,0.0004518413764384197,0.0004367636811166638,0.0004224478006367787,0.0004093475008065658,0.00039747606199195266,0.00038697977199315145,0.00037723149463988613,0.00036855641255874295,0.0003609124323001121,0.00035407624757753176,0.0003483619719034384,0.0003434536977867218,0.0003395802439758292,0.0003367130071320364,0.00033506375782378037,0.00033448569846798775,0.0003351224543306461,0.00033588280686938367,0.00032584129550242044,0.0019601338696330103
0.21354711000511242,0.0513564251240681,0.01751985129649627,0.010173648432902714,0.006920775937367734,0.005126007085946735,0.004003604395845771,0.0032456489603967134,0.0027043688206140164,0.0023025399795203487,0.001991621027535967,0.0017479997478620265,0.0015532338659397255,0.0013908656282115145,0.0012579181063999219,0.0011446369475919033,0.001050376451599192,0.0009666171796346005,0.0008969799174563426,0.0008330825979468996,0.0007793199065561565,0.0007310148148547225,0.0006880681058269655,0.0006498477264179584,0.0006155631428876805,0.000584721082488505,0.0005569150937089905,0.0005317500795896833,0.0005089308644644389,0.0004883116502966318,0.0004695452453730765,0.00045179748061374876,0.0004367211155934757,0.0004224065064844491,0.0004093073425384402,0.00039743693534213825,0.0003869415342127839,0.00037719407150893784,0.00036851968814865377,0.00036087630934495443,0.00035404063053532303,0.0003483267357284321,0.00034341874937849595,0.0003395454551335787,0.00033667824471318806,0.00033502885469740716,0.00033445047900999353,0.00033508668476636905,0.00033584628743989035,0.0003258047812442562,0.001960258307461951
0.2135315916568019,0.05135265996940181,0.017518560020128002,0.010172896009852453,0.006920262565778945,0.005125625818921817,0.004003305855843646,0.0032454063511614902,0.0027041661998528825,0.0023023670740295226,0.0019914711334369666,0.0017478678998412106,0.0015531164607179473,0.0013907602631966188,0.0012578226096285853,0.001144549862245737,0.0010502963715200535,0.0009665433177111336,0.0008969112350023762,0.0008330186636393771,0.0007792599647334168,0.0007309584610417627,0.0006880149420182659,0.000649797398384836,0.0006155153558213047,0.0005846755784838935,0.0005568716447347103,0.000531708486850279,0.0005088909510248604,0.00048827324945620646,0.00046950821470756113,0.00045176174411906564,0.00043668646212462116,0.000422372888064788,0.0004092746488654974,0.00039740508153090354,0.0003869104040484679,0.00037716360456748805,0.0003684897900502416,0.00036084690090338613,0.0003540116339679033,0.000348298049232844,0.0003433902971597689,0.00033951713282079745,0.00033664994391224286,0.00033500043934356854,0.00033442180612406914,0.0003350575640275931,0.00033581655622040205,0.00032577505423485325,0.001960359614860676
0.21351895784991837,0.05134959467946318,0.017517508765449108,0.010172283446754785,0.006919844619398157,0.005125315421586511,0.004003062808280957,0.0032452088379877515,0.0027040012421192697,0.002302226308109309,0.001991349101564642,0.001747760559652705,0.001553020878709516,0.0013906744833685175,0.001257744863740755,0.0011444789642723284,0.001050231176678771,0.0009664831851984173,0.0008968553192024253,0.0008329666134032107,0.0007792111648613184,0.000730912582242303,0.000687971660266958,0.0006497564252968124,0.0006154764513866297,0.0005846385327368083,0.0005568362720301312,0.0005316746253447327,0.0005088584566718789,0.0004882419865413398,0.00046947806728030064,0.00045173265030292744,0.00043665825002210917,0.0004223455186171361,0.00040924803227318973,0.00039737914868730504,0.0003868850603407259,0.00037713880080313713,0.00036846544939272,0.0003608229588855835,0.00035398802726532564,0.00034827469496612846,0.0003433671336226699,0.000339494075042804,0.00033662690364747784,0.00033497730581893433,0.00033439846293726146,0.0003350338562345573,0.00033579235142244855,0.00032575085286441714,0.0019604420912999044
0.21350867240760352,0.05134709916380956,0.01751665291736961,0.010171784746524262,0.006919504360644005,0.005125062720724738,0.004002864938255801,0.0032450480384462,0.002703866946631843,0.002302111707675279,0.001991249752904736,0.0017476731717951004,0.0015529430634284107,0.0013906046482442481,0.0012576815692126797,0.0011444212447723828,0.0010501781002161166,0.0009664342300816816,0.0008968097969983746,0.00083292423823423,0.0007791714358806501,0.0007308752313670148,0.0006879364237020427,0.0006497230682622144,0.0006154447784853151,0.000584608373031332,0.0005568074743830061,0.0005316470579958561,0.0005088320023500559,0.0004882165347586415,0.00046945352363903013,0.0004517089644281651,0.0004366352819685647,0.0004223232365862637,0.0004092263631573543,0.00039735803622537236,0.0003868644275064246,0.0003771186075478675,0.0003684456331622561,0.00036080346719592234,0.0003539688085626932,0.0003482556817767296,0.00034334827571017875,0.000339475303230978,0.0003366081460935319,0.00033495847234020867,0.0003343794587682432,0.0003350145552321018,0.00033577264579805595,0.0003257311500304371,0.0019605092370672764
0.21350029881723692,0.05134506751313312,0.01751595615382611,0.010171378744398312,0.006919227348986298,0.005124856991750033,0.004002703848194164,0.0032449171282285497,0.002703757613910373,0.002302018409102305,0.00199116887111511,0.0017476020275409006,0.00155287971240584,0.0013905477940316694,0.0012576300398341332,0.0011443742541390278,0.0010501348895750218,0.0009663943747131572,0.0008967727364347515,0.0008328897397366544,0.0007791390916994645,0.0007308448232503853,0.0006879077368890217,0.000649695911613524,0.0006154189929242069,0.0005845838193941123,0.0005567840296255363,0.0005316246148495223,0.0005088104653419629,0.0004881958139382925,0.00046943354215531647,0.00045168968126982725,0.0004366165832032604,0.00042230509632614177,0.000409208721883984,0.0003973408481354056,0.0003868476298911879,0.0003771021678029719,0.00036842950036101746,0.0003607875986100338,0.00035395316222116576,0.0003482402027477565,0.0003433329230953338,0.00033946002071245744,0.00033659287518264487,0.00033494313961739537,0.0003343639870829481,0.0003349988418885936,0.0003357566030434977,0.00032571510954761097,0.0019605639018190303
0.21349348170490667,0.05134341350448559,0.01751538890427894,0.010171048209707968,0.006919001828092074,0.005124689503555756,0.0040025727014581305,0.0032448105515249107,0.002703668603890658,0.0023019424528130214,0.001991103023584813,0.001747544107538693,0.0015528281370339638,0.0013905015078465772,0.001257588088706066,0.0011443359980968725,0.0010500997109023958,0.0009663619276370171,0.0008967425646668263,0.0008328616537994517,0.0007791127596355934,0.0007308200673765318,0.0006878843823638781,0.0006496738028266676,0.0006153980003679831,0.0005845638297724911,0.000556764942765751,0.0005316063434219858,0.0005087929316202259,0.00048817894469180316,0.0004694172748180052,0.0004516739824535829,0.0004366013601534171,0.00042229032796686745,0.0004091943597600979,0.00039732685495745963,0.00038683395460675985,0.0003770887838681572,0.00036841636631535375,0.0003607746796675267,0.0003539404242123689,0.00034822760095155555,0.000343320424215477,0.0003394475788994617,0.0003365804428196626,0.00033493065693205107,0.00033435139126538634,0.00033498604933210465,0.0003357435423066904,0.0003257020506602675,0.001960608405518984
0.21348793175339378,0.051342066941989443,0.017514927094742873,0.01017077911461082,0.00691881822688859,0.005124553147968198,0.004002465932200002,0.003244723785236053,0.0027035961390008824,0.0023018806152339715,0.0019910494157545948,0.0017474969536723174,0.0015527861484617778,0.001390463825310257,0.001257553935428929,0.0011443048530652602,0.001050071071220679,0.0009663355118042435,0.0008967180012093192,0.0008328387884596836,0.0007790913221602162,0.0007307999131099033,0.0006878653689640867,0.0006496558036080661,0.0006153809098957225,0.0005845475558099414,0.0005567494037601997,0.0005315914682766183,0.0005087786570563391,0.0004881652110908971,0.00046940403124375415,0.00045166120172403836,0.0004365889667550962,0.00042227830474150026,0.0004091826672593253,0.00039731546282317364,0.0003868228212761317,0.00037707788773124796,0.00036840567361834777,0.00036076416209042964,0.0003539300539371309,0.0003482173415697962,0.0003433102486200328,0.00033943744976332424,0.00033657032137697566,0.00033492049452089315,0.0003343411367509604,0.00033497563464846735,0.000335732909291934,0.0003256914191511978,0.0019606446368974507
0.2134834134235932,0.05134097067773552,0.017514551126090877,0.010170560038751547,0.006918668753368471,0.005124442138076802,0.004002379009148575,0.00324465314701377,0.0027035371438420613,0.0023018302719876255,0.001991005772516223,0.0017474585647387984,0.001552751964700615,0.001390433147181554,0.0012575261305427924,0.0011442794972537456,0.0010500477550661007,0.0009663140061308784,0.0008966980035927993,0.0008328201733157787,0.0007790738694701126,0.0007307835051064622,0.00068784988976383,0.0006496411500735974,0.0006153669961903613,0.0005845343068419475,0.0005567367531358313,0.0005315793581144941,0.0005087670358399651,0.0004881540302836237,0.00046939324937727027,0.0004516507966689602,0.00043657887703434187,0.0004222685163861698,0.000409173148153697,0.0003973061882520862,0.00038681375740243137,0.000377069016961838,0.00036839696847355174,0.0003607555995143573,0.0003539216112825346,0.0003482089891958648,0.0003433019644582653,0.00033942920342503493,0.00033656208130208284,0.00033491222109272446,0.00033433278833962514,0.0003349671558400792,0.00033572425273568625,0.0003256827638207606,0.001960674133608667
0.21347973495826977,0.05134007818643426,0.017514245042270053,0.010170381684583722,0.00691854706389807,0.005124351762638507,0.004002308243302657,0.0032445956389825655,0.0027034891146685506,0.002301789286514204,0.0019909702416572466,0.0017474273115175912,0.001552724134996805,0.00139040817148531,0.0012575034940124853,0.0011442588545655134,0.001050028772904577,0.0009662964979193883,0.000896681723121438,0.0008328050183438391,0.0007790596608757467,0.0007307701470130191,0.0006878372878281826,0.0006496292203294697,0.0006153556687563422,0.0005845235205843064,0.0005567264540020556,0.0005315694989821596,0.000508757574768433,0.00048814492775820867,0.00046938447163776616,0.00045164232569938016,0.00043657066278492764,0.0004222605474845523,0.0004091653984538055,0.00039729863763279967,0.000386806378316226,0.00037706179508581174,0.0003683898814359341,0.00036074862854487265,0.00035391473794359326,0.00034820218935627115,0.00034329522015159896,0.00033942248991124073,0.0003365553728874488,0.0003349054855245018,0.00033432599172606266,0.0003349602530675909,0.0003357172052550057,0.00032567571733803775,0.001960698147488608
0.21347674024391003,0.05133935159088943,0.01751399585312924,0.01017023648278337,0.006918447993994623,0.005124278186133357,0.004002250631370416,0.0032445488205102646,0.0027034500131294667,0.0023017559193963966,0.0019909413152533716,0.0017474018676266996,0.0015527014782619178,0.0013903878382567469,0.0012574850651470742,0.0011442420489279897,0.0010500133191360366,0.0009662822441239194,0.0008966684688544866,0.0008327926803691409,0.0007790480933665177,0.0007307592719141028,0.0006878270283328969,0.0006496195080791403,0.0006153464468590745,0.0005845147392698713,0.0005567180692651887,0.0005315614724595259,0.0005087498723152942,0.00048813751720484685,0.0004693773254993016,0.00045163542930862704,0.00043656397539534777,0.00042225405983766526,0.0004091590892635572,0.0003972924905181711,0.0003868003708502103,0.0003770559156078395,0.0003683841117326866,0.0003607429533350824,0.00035390914221683837,0.00034819665346684834,0.00034328972947267626,0.0003394170243014293,0.00033654991142896854,0.00033490000195972596,0.0003343204584630187,0.00033495463337837963,0.0003357114677558756,0.00032566998065136545,0.0019607176976827153
0.21347430218528843,0.05133876005449571,0.017513792983118864,0.010170118271007982,0.0069183673391463715,0.005124218285985566,0.0040022037283101485,0.0032445107046279696,0.002703418179761399,0.0023017287545387586,0.0019909177656723806,0.001747381153231234,0.0015526830329475414,0.0013903712845567114,0.001257470061828291,0.0011442283671124509,0.0010500007379048734,0.0009662706398155409,0.0008966576782828554,0.000832782635769899,0.0007790386760190782,0.0007307504182721559,0.0006878186758665416,0.0006496116011361715,0.0006153389391226293,0.0005845075902209812,0.000556711243078263,0.0005315549379021834,0.0005087436015895999,0.00048813148412077065,0.000469371507680838,0.00045162981481491763,0.0004365585310537967,0.00042224877811075347,0.00040915395282186914,0.0003972874860255821,0.0003867954800484325,0.00037705112900376356,0.0003683794144984742,0.0003607383330299392,0.0003539045866204707,0.00034819214658528546,0.00034328525939791144,0.0003394125746359444,0.0003365454651431678,0.00033489553767673477,0.0003343159537196442,0.000334950058273683,0.0003357067967396983,0.00032566531029662677,0.001960733613898278
0.21347231731156477,0.051338278472537816,0.017513627822466318,0.010170022032367658,0.006918301676373715,0.005124169520041905,0.0040021655435630455,0.003244479673703386,0.0027033922635610005,0.0023017066390688293,0.0019908985934736076,0.0017473642892153727,0.001552668016237318,0.0013903578078486697,0.0012574578473175497,0.0011442172284647119,0.0010499904952655352,0.0009662611925091562,0.0008966488934563114,0.0008327744582548375,0.0007790310091626238,0.0007307432103399499,0.0006878118759517035,0.0006496051639310955,0.0006153328269198047,0.0005845017700330806,0.0005567056857389349,0.0005315496179845032,0.0005087384964626975,0.00048812657246280277,0.0004693667712750377,0.00045162524393998614,0.0004365540987032406,0.00042224447814812315,0.0004091497711389311,0.0003972834117651227,0.00038679149834600345,0.0003770472321308285,0.00036837559038338535,0.00036073457154438965,0.0003539008778156676,0.00034818847744020747,0.00034328162021800637,0.00033940895207165407,0.0003365418453303481,0.00033489190321203194,0.00033431228631530997,0.00033494633358674766,0.0003357029939692516,0.0003256615080646709,0.0019607465716170833
0.21347070138499755,0.051337886406750105,0.01751349336177841,0.010169943682509,0.006918248218958496,0.005124129818683072,0.004002134456574202,0.00324445441078875,0.002703371164648643,0.002301688634409401,0.001990882984991829,0.00174735055987283,0.0015526557908243288,0.0013903468361831676,0.0012574479032328573,0.0011442081602622415,0.0010499821565219533,0.0009662535012625081,0.0008966417415481416,0.0008327678007714494,0.0007790247674169232,0.0007307373422139291,0.0006878063400010231,0.0006495999232699009,0.0006153278508496341,0.0005844970316982723,0.0005567011613945622,0.0005315452869299826,0.0005087343402737712,0.00048812257378091987,0.00046936291526955223,0.0004516215226965896,0.0004365504902353904,0.00042224097746000925,0.0004091463667447503,0.00039728009482579307,0.0003867882567600722,0.00037704405960633554,0.0003683724770925526,0.00036073150924155435,0.00035389785840131313,0.00034818549031365186,0.0003432786574867147,0.0003394060028674765,0.0003365388983661994,0.00033488894431948316,0.0003343093006059295,0.0003349433012424219,0.0003356998980555317,0.0003256584125893475,0.001960757120762763
0.21346938582590727,0.05133756721791963,0.017513383894563833,0.010169879896275845,0.006918204698176075,0.005124097496989393,0.004002109148016501,0.0032444338437297815,0.002703353987589662,0.002301673976445443,0.0019908702778054345,0.0017473393825323776,0.0015526458378638938,0.0013903379039243735,0.0012574398075487607,0.0011442007776518964,0.001049975367779107,0.0009662472396602486,0.0008966359190324424,0.0008327623807771464,0.0007790196858832306,0.0007307325648517103,0.0006878018330695885,0.0006495956567397171,0.0006153237997284508,0.0005844931741223426,0.0005566974780326515,0.0005315417609293204,0.0005087309566347904,0.00048811931837166586,0.0004693597760160916,0.0004516184931557197,0.00043654755250741495,0.0004222381274777366,0.0004091435951573508,0.00039727739443718904,0.00038678561771822125,0.0003770414767888229,0.000368369942498383,0.00036072901615776323,0.0003538954002339169,0.0003481830584324177,0.0003432762454661673,0.00033940360185963125,0.0003365364991820077,0.0003348865354241357,0.00033430686987844676,0.0003349408325484702,0.00033569737760842715,0.00032565589249915065,0.001960765709039469
0.2134683148021643,0.051337307359720655,0.017513294775050512,0.010169827966590071,0.0069181692670110114,0.005124071183233062,0.004002088543798572,0.003244417099663598,0.0027033400033922707,0.002301662043095177,0.0019908599326233477,0.001747330282829373,0.0015526377349538707,0.0013903306319885747,0.0012574332166856463,0.001144194767316805,0.001049969840923776,0.0009662421419609217,0.0008966311788025256,0.0008327579682481856,0.0007790155489020221,0.0007307286755027618,0.0006877981638839097,0.000649592183269646,0.0006153205016272825,0.0005844900335903503,0.0005566944793318799,0.0005315388903395812,0.0005087282019446265,0.0004881166680759627,0.0004693572202852117,0.00045161602674411935,0.0004365451608425822,0.00042223580724848694,0.00040914133875098177,0.00039727519599522514,0.00038678346921991246,0.00037703937406390596,0.0003683678790330821,0.0003607269864869162,0.0003538933989892262,0.0003481810785878323,0.0003432742817905759,0.00033940164714970765,0.00033653454595675803,0.0003348845742928339,0.0003343048909731542,0.0003349388227338936,0.0003356953256605434,0.00032565384084183254,0.001960772700932368
0.2134674428596828,0.05133709580381034,0.01751322222101972,0.010169785689563638,0.006918140421769999,0.005124049760662234,0.004002071769480516,0.0032444034679745552,0.002703328618569238,0.0023016523279090154,0.0019908515103976027,0.0017473228745737924,0.001552631138207981,0.0013903247117559114,0.001257427850928279,0.0011441898741792547,0.001049965341397053,0.0009662379918189383,0.0008966273196837488,0.0008327543759175043,0.0007790121809004396,0.0007307255091037007,0.0006877951767242999,0.0006495893554461423,0.0006153178165752136,0.0005844874768185917,0.0005566920380278378,0.0005315365533333683,0.0005087259592946448,0.0004881145104156613,0.00046935513961207957,0.0004516140187876515,0.0004365432137389971,0.00042223391830208096,0.00040913950176409727,0.0003972734061983564,0.00038678172008320123,0.00037703766219225545,0.0003683661991234936,0.0003607253340900885,0.0003538917697347171,0.0003481794667555903,0.0003432726831218448,0.000339400055780111,0.00033653295579586494,0.00033488297769546126,0.00033430327990560975,0.0003349371865024645,0.0003356936551275213,0.0003256521705453661,0.0019607783931763407
0.21346673299335522,0.05133692357178783,0.01751316315328937,0.010169751270965944,0.006918116938265369,0.005124032320106229,0.0040020581131628005,0.0032443923701358304,0.0027033193499503934,0.002301644418575925,0.00199084465369021,0.001747316843360389,0.0015526257676613253,0.0013903198919726,0.0012574234825547244,0.0011441858905752245,0.0010499616782397008,0.0009662346131028977,0.0008966241778956932,0.0008327514513271301,0.0007790094389410032,0.0007307229312730288,0.0006877927448161554,0.0006495870532568026,0.0006153156306190384,0.0005844853952980586,0.0005566900505119507,0.0005315346507284916,0.0005087241335071187,0.00048811275381998356,0.0004693534456932415,0.00045161238406894743,0.0004365416285618779,0.0004222323804719186,0.0004091380062352508,0.00039727194908787354,0.00038678029607498997,0.0003770362685222972,0.00036836483147450837,0.00036072398883980796,0.0003538904433250751,0.0003481781545297744,0.0003432713816127141,0.000339398760213356,0.0003365316612131404,0.000334881677872666,0.0003343019683023497,0.0003349358544127678,0.0003356922951121916,0.00032565081072262133,0.0019607830273493626
0.21346615507656178,0.05133678335415201,0.01751311506503389,0.01016972325007687,0.00691809781986072,0.005124018121390481,0.004002046995273364,0.0032443833351568172,0.002703311804176946,0.0023016379794250047,0.0019908390715035417,0.0017473119332253734,0.0015526213953887121,0.0013903159680877678,0.0012574199261718689,0.0011441826474411607,0.0010499586959878773,0.0009662318624206008,0.0008966216201013468,0.0008327490703578891,0.0007790072066553696,0.0007307208326080012,0.000687790764949662,0.000649585178997059,0.000615313850987107,0.0005844837006893344,0.0005566884324343438,0.0005315331017786867,0.0005087226470959001,0.0004881113237392736,0.0004693520666390374,0.00045161105321079144,0.0004365403380365459,0.0004222311284927193,0.0004091367886944239,0.00039727076282422726,0.00038677913676058443,0.0003770351339068884,0.00036836371804330935,0.00036072289364385586,0.00035388936346767477,0.00034817708621971856,0.0003432703220273326,0.0003393977054657851,0.0003365306072666889,0.00033488061966016516,0.00033430090049912996,0.00033493476993111805,0.0003356911878957089,0.0003256497036629257,0.001960786800125038
0.21346568458260076,0.051336669200087615,0.017513075915394957,0.010169700437694119,0.0069180822551738515,0.0051240065619236426,0.004002037943970653,0.0032443759795943725,0.0027033056610074194,0.0023016327371796546,0.001990834526930437,0.0017473079357833575,0.0015526178358315533,0.0013903127735723337,0.0012574170308473596,0.0011441800071389431,0.0010499562680752626,0.0009662296230335068,0.0008966195377483051,0.0008327471319618061,0.0007790053893056724,0.0007307191240415899,0.0006877891530995842,0.0006495836531236104,0.0006153124021521093,0.0005844823210734795,0.0005566871151240475,0.0005315318407467574,0.0005087214369779223,0.0004881101594811224,0.00046935094392261536,0.00045160996973176424,0.0004365392873933011,0.00042223010923067464,0.0004091357974693673,0.0003972697970625678,0.000386778192938857,0.0003770342101931226,0.00036836281157604455,0.00036072200202228117,0.00035388848433353076,0.00034817621648650587,0.00034326945939705674,0.0003393968467740701,0.00033652974922718183,0.00033487975814757955,0.0003343000311785424,0.00033493388703227753,0.00033569028648797265,0.0003256488023828333,0.0019607898716193966
0.2134653015437797,0.05133657626491332,0.017513044042867826,0.010169681865663619,0.006918069583641782,0.005123997151123675,0.004002030575118751,0.003244369991279535,0.002703300659726617,0.002301628469359779,0.0019908308270998993,0.001747304681383505,0.0015526149379227788,0.0013903101728515424,0.0012574146737040616,0.0011441778576145433,0.0010499542914616117,0.0009662277999023637,0.0008966178424618173,0.0008327455538736423,0.0007790039097638644,0.0007307177330624954,0.0006877878408592472,0.0006495824108786186,0.0006153112226257061,0.000584481197899806,0.0005566860426746118,0.0005315308141146989,0.0005087204517959597,0.0004881092116345891,0.0004693500298960593,0.000451609087649179,0.0004365384320430028,0.00042222927942845746,0.00040913499049263953,0.00039726901081611553,0.00038677742455415506,0.00037703345817872633,0.00036836207360237995,0.00036072127613479856,0.00035388776861232244,0.0003481755084187892,0.00034326875711198707,0.00033939614769546426,0.0003365290506795521,0.0003348790567724447,0.0003342993234467527,0.0003349331682461524,0.0003356895526333745,0.0003256480686321526,0.001960792372186196
